10
50565
45223
49448
50715
53111
52788
56546
48001
42963
48542
50377
52410
52988
56136
48243
41176
49077
50565
52138
53843
57529
49776
43482
50744
53403
54154
54413
57722
50889
44681
49501
50835
54106
54305
56655
47666
41952
51114
52093
53192
55009
57406
49018
42122
50416
51314
54895
55160
58306
50178
38911
47831
47107
40704
40633
41247
45007
36302
42508
42280
35690
24641
30673
42333
34057
42254
44279
46331
46967
51582
44385
36681
45941
47708
50884
50642
53773
44657
37379
47859
46824
51424
52617
56896
47280
37625
44929
42141
45380
43234
52931
47522
39314
46624
47841
50042
50340
54804
46073
34516
46525
48509
48722
50677
54492
47278
39679
47998
50736
49822
52834
58041
52525
42362
43031
46281
52100
51515
57639
51133
41919
49636
49303
52906
54133
56945
51502
43364
50092
51485
53008
53370
58985
51847
42918
48508
52156
54623
52968
56043
50986
43343
49464
51555
53032
54787
59472
53648
45888
52010
52999
56036
55780
58263
53923
44268
52774
54348
57899
58883
39982
44432
42576
33535
52512
48521
53317
54246
48332
42286
51361
52241
53818
54304
55684
49891
44660
50599
51828
54308
52421
57301
49613
46522
50300
51961
53574
54265
56024
51927
45129
50309
52172
54256
52975
57373
51177
46552
48619
51421
58307
41807
49742
45227
46171
51527
51474
53556
54816
59376
50265
41227
40918
52726
56250
54493
57218
53442
46523
50680
51869
54403
50911
57000
49784
43787
50924
52598
54310
54342
59745
50968
43545
49917
41589
53491
55450
58862
51621
46253
52322
53336
54831
56690
61425
53151
43325
51699
51674
53818
53741
56430
46823
42940
49589
50439
51877
52753
54245
45740
42136
48398
47796
49959
50415
53684
44191
42067
48235
48982
51247
51830
55096
44711
39497
51065
50718
53235
54790
61374
52501
45659
52884
54077
56685
57543
60820
52593
48115
54405
55607
57726
57992
61795
52971
48924
54881
55358
58280
59038
63151
54260
49217
54800
56476
58601
59095
63641
57185
53853
56161
56406
58914
59166
62264
53637
47680
55528
55971
58048
59001
63434
54828
47428
54734
55717
58333
58640
63306
54916
47739
54797
55531
56783
58031
61966
53087
46665
54164
55544
56416
57512
60297
51387
44431
55150
57258
58947
59900
63038
53331
45614
55211
55696
58130
58668
62002
52546
46925
55671
56790
59951
60895
64744
54940
48081
57491
55690
58303
58578
61509
51586
44583
54899
55169
57616
58213
61603
49264
45528
55403
55829
57823
59616
61515
49405
43957
55081
55705
57755
60263
63898
53933
44975
55119
56333
58392
59358
62956
51789
45988
55262
57394
59834
59763
62534
51010
44873
55529
56852
59437
60477
63120
50792
41132
53832
56517
58426
57262
46634
47238
46906
46904
46359
47528
48405
40070
32208
40444
45766
47430
50625
51527
55123
48619
40365
51155
52491
54452
55233
59637
48206
40767
53256
53601
53785
55344
59604
47919
38586
46886
50020
53633
54980
58884
49971
38576
51012
49479
51378
53635
59281
54406
39242
50186
51464
53065
54188
58411
51575
36757
48933
48799
51128
54254
57842
47667
39017
50403
51131
53063
55714
60437
52794
39321
52525
54151
55617
57426
60776
52296
40697
53198
52731
56410
58555
62628
54391
44746
54729
56197
59748
59033
67217
59766
47065
57127
58983
62834
64551
42656
49286
44131
45083
58456
61070
60853
64298
55878
47460
57942
58375
60852
61014
63646
52012
45830
56021
56969
58469
59786
62429
50202
42755
55838
57160
59086
60119
63005
51802
45021
56301
58258
60550
61124
65356
53420
47495
56882
58543
64769
41225
55226
48999
50814
56527
57904
60241
60126
64442
49831
43371
43248
59184
61003
61422
64697
52946
45144
57860
59282
63487
58372
64656
54188
50081
57796
58745
60113
60926
64000
52691
48157
56751
58669
60978
61507
65235
53658
49444
57368
58447
61439
62630
65922
54596
49756
57596
57872
62807
62452
65753
53747
47810
58662
58126
61056
63242
67704
55616
48557
56990
58561
59627
60457
63049
51273
46758
56448
56146
58086
58607
61015
49501
45005
56234
53022
54590
55634
58434
48200
42404
51928
52911
53788
53846
58068
49601
41157
36905
55410
55301
57081
59634
50123
45143
55481
56967
59562
60320
64990
57793
47121
57806
58201
60544
61081
65406
55799
47776
56902
59329
60968
63413
68765
60599
51567
58661
58864
60307
61444
64168
57018
49560
57686
57740
60033
61202
64772
54765
47833
57000
57550
58701
60367
65045
54346
45714
56057
57572
60075
58935
66689
58921
48970
57060
58269
62172
61706
66535
57077
46564
56687
56005
57448
58500
61003
49944
47301
55052
56248
57212
58354
61711
52018
46543
56723
57970
59583
61946
64345
52493
44922
56767
58752
61247
62835
66630
55843
48876
58825
59460
58366
61905
63738
54169
48762
56901
57085
59024
60163
64159
51447
48040
56480
58087
57094