12
119
230
825
1698
953
669
625
622
643
581
679
939
1232
800
466
265
170
131
79
29
144
240
967
1839
957
692
608
686
625
604
744
1020
1492
760
470
289
168
139
104
37
143
250
971
1579
924
609
630
936
663
662
838
952
1318
795
493
446
182
99
112
41
123
237
1026
1802
953
708
599
664
651
550
777
1055
1528
967
538
431
173
112
84
40
138
234
1022
1743
912
640
651
713
749
750
880
1083
1326
835
493
328
321
121
105
44
70
77
206
348
415
467
486
578
495
564
609
611
517
474
364
335
234
136
121
66
60
64
78
143
279
289
391
414
368
422
488
476
593
494
403
260
187
83
71
69
149
258
935
1809
1021
696
648
727
662
598
773
1081
1473
853
473
280
170
110
94
25
149
224
1024
1935
1024
660
615
748
694
629
770
1120
1654
769
489
274
175
128
90
40
150
216
1009
1704
960
698
664
919
753
723
762
919
1385
801
508
318
188
119
87
33
148
235
1019
1909
1057
691
646
717
700
579
740
1170
1505
861
492
288
175
162
90
38
142
257
1003
1831
1075
777
661
819
796
766
837
1139
1337
777
519
341
218
155
111
82
82
94
232
413
445
501
546
556
556
604
577
625
645
504
490
438
282
173
130
88
61
64
83
200
253
341
367
378
389
463
462
473
547
523
481
431
200
88
92
71
140
255
1014
1864
978
680
605
796
706
605
798
1174
1587
895
521
304
168
131
85
38
162
232
1017
2023
1009
694
593
757
671
647
748
1236
1579
867
530
316
195
131
90
48
145
222
1061
1774
1010
662
728
852
792
704
890
988
1399
882
554
321
169
123
94
36
135
243
1021
1990
998
726
687
799
769
574
797
1229
1546
964
600
337
173
130
96
35
129
249
1023
1868
1046
772
711
833
691
703
959
1135
1343
896
593
327
191
134
112
52
67
70
226
365
436
513
521
566
601
547
630
633
610
561
465
319
171
119
116
62
52
62
87
151
245
288
344
414
360
420
487
466
548
477
394
217
133
96
82
58
144
232
1020
1921
1051
717
589
843
770
586
851
1178
1703
1000
609
352
188
123
65
30
138
245
1060
2120
1077
731
640
872
759
708
836
1353
1685
1011
610
346
186
137
88
35
139
232
1070
1870
1081
728
695
1020
783
725
892
1156
1440
929
609
319
178
115
84
50
140
229
1087
2069
1024
733
783
790
760
665
859
1365
1622
1013
636
322
201
110
105
46
120
237
1065
1983
1097
716
747
942
883
757
1033
1268
1425
999
604
371
249
149
122
31
66
90
219
421
452
532
607
546
514
618
591
602
696
530
485
381
232
194
152
101
36
60
95
153
261
316
359
409
394
467
487
454
501
468
383
232
150
70
81
101
133
241
1009
1975
1054
761
679
909
828
659
812
1146
1597
1023
576
300
180
126
93
27
115
178
610
1074
672
452
436
454
255
268
331
447
414
363
241
160
119
69
58
34
136
228
992
1765
1042
823
729
1075
872
767
881
1079
1385
941
478
326
206
114
100
31
130
239
1112
2075
1123
773
758
823
866
721
853
1288
1611
980
506
310
203
129
105
44
136
232
1089
2010
1162
756
803
931
900
818
990
1225
1383
906
523
369
227
149
131
69
72
94
232
378
487
579
540
611
578
695
673
642
610
540
446
365
192
151
169
89
58
57
88
159
249
343
410
438
424
487
549
551
620
549
399
249
180
106
86
78
136
283
1066
2078
1070
733
650
861
838
651
808
1155
1588
1039
612
288
198
132
110
28
135
244
1145
2169
1146
772
705
907
839
720
811
1305
1654
1027
602
341
237
169
120
38
133
237
1075
1894
1129
772
750
1205
938
811
911
1129
1421
1003
570
320
202
136
128
46
111
232
963
1891
1104
724
683
758
756
651
810
1231
1493
948
511
385
213
133
126
53
136
262
1114
2030
1278
798
751
881
886
799
1000
1240
1383
897
599
363
248
143
125
54
86
93
233
487
515
560
610
587
578
648
674
670
840
660
570
347
220
158
174
111
43
77
97
181
280
393
391
399
461
551
528
448
531
550
379
277
119
131
76
77
135
255
1051
2040
1037
754
699
929
824
597
819
1192
1489
1032
532
300
223
145
83
35
135
228
1066
2063
1078
674
702
825
718
668
785
1161
1526
962
565
318
201
130
113
43
109
225
973
1837
1102
716
680
1031
862
729
896
1095
1322
945
571
335
214
132
112
40
113
233