6
703
738
786
718
700
674
677
696
688
804
799
779
781
755
820
766
732
752
811
838
836
797
789
754
841
825
849
674
721
720
804
743
888
710
781
695
730
665
631
676
700
707
786
686
728
743
816
798
725
760
787
709
696
643
703
642
743
726
703
596
564
647
667
746
739
710
780
746
780
837
888
870
927
833
818
811
824
770
892
786
841
872
792
1020
870
966
958
863
862
877
775
926
886
856
750
833
837
894
852
827
921
921
869
961
763
883
824
897
932
901
853
860
813
799
921
917
937
866
893
890
843
845
919
819
867
771
826
907
867
824
774
830
780
787
771
683
683
763
721
790
693
688
716
718
752
882
675
786
746
781
779
789
650
785
732
686
801
799
806
820
764
863
732
916
850
994
974
905
865
880
811
979
897
900
804
916
864
931
919
877
856
785
837
799
813
853
895
1052
930
938
1034
944
970
887
1014
908
1111
959
908
1151
970
1150
924
1083
988
1137
970
1024
990
1001
1082
964
1147
1055
971
1054
1088
1025
956
1120
1194
1062
974
938
957
914
857
907
879
966
1019
1031
1033
1074
962
991
929
921
1057
1044
1016
986
822
838
912
993
967
1081
1090
1081
1031
946
1048
978
1085
1007
1039
1005
1051
1105
1113
1062
996
1153
1107
1144
1159
1109
1040
1104
1177
976
1098
1050
1054
981
1066
1120
1157
1077
1102
1180
1024
1202
1072
1059
943
1103
1046
1128
1127
1108
1112
1082
1147
1078
983
1079
1066
988
974
1010
1174
1152
1122
1030
1051
1047
1023
1161
960
1178
1005
1119
1098
1071
1084
1082
1042
1091
1026
970
1004
1003
1103
1172
999
983
1079
1069
1008
966
1074
1118
1140
1040
1067
996
1036
1091
996
1014
966
993
1075
1070
1014
1168
1132
1137
1084
1089
1065
1182
1151
1193
1139
1156
1220
1166
1107
1158
1076
938
937
1035
978
1078
1112
1074
1109
1041
1007
1005
974
1058
1139
988
896
963
973
980
1112
1014
1116
1127
1286
1139
1029
988
907
943
1142
1044
1034
1051
1138
1094
1085
1137
987
1038
948
1047
1025
1120
893
1097
968
863
1104
1134
1037
1008
1033
1240
964
1158
1109
1025
1038
805
871
867
924
933
995
1162
1122
1094
1094
1003
981
1333
1221
1168
1085
1132
927
989
928
1006
935
990
970
1129
977
949
985
1005
1059
1098
1072
1050
1152
1002
989
1053
1048
1162
1017
1107
1144
1100
1004
1020
989
1111
995
1118
1157
1180
1134
1176
1204
1034
959
981
969
1130
1106
1216
1181
1120
1211
1223
1166
1088
1097
1137
1138
1182
1209
1242
1191
1106
1136
1001
1044
1229
1219
1073
1146
1139
1120
1094
1136
1201
1155
1126
1224
1202
1132
1114
1197
1061
1038
1020
1100
1101
1120
1354
1264
1118
1177
1154
1177
1189
1271
1148
1156
1227
1217
1035
1167
1115
1122
1153
1052
1082
1013
1057
1017
1076
1063
1065
995
1065
1071
1067
1036
1135
1119
1197
1246
1002
1170
1052
1130
1214
1305
1240
1247
1209
1297
1179
1150
1204
1226
1250
1205
1252
1340
1243
1302
1226
1226
1222
1232
1208
1234
1215
1299
1371
1340
1357
1360
1313
1478
1351
1495
1215
1303
1310
1166
1202
1203
1283
1291
1086
1153
1178
1116
1187
1133
1175
1223
1308
1103
1155
1098
1093
1144
1306
1351
1326
1288
1312